100 50
1 2 38
45 100 1436
82 79 2507
88 50 8001
63 100 3232
78 51 2209
57 100 871
51 100 3897
20 21 226
60 100 1736
18 19 1112
13 14 556
55 100 4306
24 25 318
42 100 1348
25 26 1354
31 32 1901
64 100 2820
30 31 2594
12 13 388
32 33 1293
71 61 406
37 100 630
81 70 5612
33 100 298
46 100 164
44 100 624
14 15 923
50 100 4110
28 29 1184
49 100 2571
67 34 4616
61 100 3866
76 41 5681
87 5 3268
48 100 4362
80 33 5677
95 65 411
75 57 3948
27 28 467
86 33 2898
93 75 5731
22 23 709
11 12 1009
2 3 63
97 64 5315
4 5 249
59 100 4364
35 100 1724
40 100 1365
89 82 587
68 11 1619
58 100 2750
26 27 121
77 60 7578
84 63 7711
99 42 8361
70 56 3870
6 7 406
16 17 73
66 26 4265
85 26 3142
39 100 2389
5 6 78
56 100 1489
15 16 914
65 100 2142
96 31 6869
9 10 555
91 74 5497
41 100 1417
79 47 6945
62 100 4539
94 92 7158
43 100 295
92 24 6587
83 12 3791
3 4 267
19 20 1623
74 51 4770
8 9 363
69 24 198
23 24 1075
98 25 8803
38 100 2434
36 100 1649
21 22 1585
52 100 4242
90 82 2760
73 14 2394
29 30 141
72 38 1489
7 8 318
34 100 2811
47 100 1932
53 100 3236
10 11 868
17 18 685
54 100 420
587
1436
709
1043087
295
3866
4539
2761104
7275
227
1262501
6813
1934263
2638911
3456105
78286
5355
4583
1293
4770
3236
7742
226
11126
681129
5426
318
526897
1334
3147029
8268
4457337
3142
497145
3236
3920185
4539
4740
997152
6869
2348399
3343
75513
3142
7436
12117
3143693
2114559
2605284
459
